9284000100015119
9960440300356503
9960440300195418
9284000100220710
9960440300077433
9960440300077413
9960440300077524
9960440300077359
9960440300077390
9960440300077571
9960440300077381
9960440300077473
9960440300077610
9960440300543052
9960440300077583
284000100220717
9284000100352057
9960440300754402
9960440300754486
9960440300754164
9960440300754361
9960440300754237
9960440300755333
9960440300754257
9960440300738527
9960440300738479
9960440300739065
9960440300739085
9960440300739086
9960440300738461
9960440300738933
9960440300738480
9960440300738476
9960440300738462
9960440300738983
9960440300738477
9960440300738422
9960440300738528
9960440300738397
9960440300738960
9960440300738529
9960440300738928
9960440300738396
9960440300739052
9960440300739025
9960440300738398
9960440300739063
9960440300739061
9960440300738958
9960440300754527
9960440300755200
9960440300735084
9960440300735159
9960440300738113
9960440300398082
9960440300658196
9960440300269139
9960440300754423
9960440300735462
9960440300735719
9960440300735845
9960440300756401
9960440300756517
9960440300735940
9960440300735939
9960440300735867
9960440300735147
9960440300398084
9960440300755064
9960440300754860
9960440300735618
9960440300735312
9960440300739560
9960440300738931
9280440301269036
9960440300800564
9960440300739066
9960440300739027
9960440300738424
9960440300739057
9960440300738515
9960440300634198
9960440300584798
9960440300748799
9960440300271107
9960440300272388
9960440300271269
9960440300271203
9960440300271409
9960440300271099
9960440300271147
9960440300370394
9284000100244862
9284000100245342
9284000100244772
9284000100245269
9284000100244529
9284000100244767
9284000100240419
9284000100244597
9284000100245247
9284000100245077
9284000100244542
9284000100244502
9284000100244618
9960440300748579
9960440300740449
9960440300403840
996044300756401
9960440300801508
9284000100245068
9284000100244848
9284000100245155
9284000100244543
9960440300737311
9960440300268896
9960440301412777
9960440301414214
9960440301070365
9960440300735024
9960440301413159
9960440300738457
9960440301387777
9960440300755388
9960440300755500
9960440300077297
9960440300077440
9960440300077498
9960440300077581
9960440300077795
9960440300077796
9960440300077813
9960440300077768
9960440300735749
9960440300747793
9284000100244697
9960440300799926
9284000100245235
9960440300800374
9960440300710139
9960440300754576
9960440301621700
9960440301042257
9960440301042029
9960440301070780
9960440300747829
9960440300748391
9960440301150487
9960440300735873
9960440301072503
9960440301072572
9960440301072388
9960440301072470
9960440300800015
9960440300800642
9960440301042428
9960440301042382
9960440301042443
9960440300999266
9960440300374540
9960440301042041
9960440300738440
9960440300800367
9960440301411230
9961440300402602
9961440300401166
9961440300401190
9961440300401126
9961440300401549
9961440300400362
9961440300401490
9961440300401053
9961440300400574
9961440300401074
9961440300400344